177263
195665
122799
115107
192538
194660
194664
207417
124559
195005
202926
135499
129476
102628
117211
195676
186328
194672
195326
200430
200716
113933
125143
95149
85003
130951
198922
126917
200724
102646
153376
182748
99419
180361
194378
199519
128075
179069
200732
99423
203273
188568
112479
201022
102660
194391
194692
203890
130082
180672
125748
181542
192571
159322
194698
198634
200453
202960
192901
195366
146732
195725
195726
207454
147334
196354
129807
182788
166864
204225
206242
195382
177331
133885
207465
130407
140149
194105
197363
195061
195064
195386
197067
198966
203324
207765
197369
193489
194745
95404
194114
180037
197362
151880
197684
194422
68835
198965
198659
104870
113424
195081
125214
195405
194761
195083
126987
196070
176220
198990
200798
177052
193499
197397
203638
190735
96677
97340
123188
193239
196409
195096
200510
197091
145342
101440
194774
125541
146505
186903
195097
197404
177999
114605
195793
200812
197710
98537
160559
124374
194463
95569
188660
194788
197712
200621
194473
200531
194155
195827
196429
197427
154703
150098
100551
180755
133796
154124
197123
181052
124104
194493
196757
196110
199621
194166
205278
198408
194824
128464
195454
113774
203402
203404
193287
198418
197447
113781
208122
194838
200563
200853
194520
203413
94607
196126
113491
205309
202442
202765
204018
195473
197155
162668
178352
112920
115285
202098
178052
194532
200577
124709
197510
155342
194858
194204
195471
199049
194860
201170
148339
193903
204035
195174
205279
130525
207297
185481
195496
195176
112338
195177
200885
180184
102658
195178
124150
205277
195181
195182
114387
98658
195184
195186
196162
127081
195187
167302
195188
195189
195886
207311
126784
197487
181411
135060
180827
194899
126174
207312
170670
184401
200611
202811
194909
198484
207319
122942
143408
194913
128539
197506
120004
201213
132864
100250
200911
202497
207317
194906
124764
203134
203480
204075
141007
117124
188815
207320
194908
196868
105287
200920
203486
205077
188099
194587
195581
207324
193652
113855
101628
117136
104556
122371
200329
104559
195590
197534
115964
207326
194933
138966
99262
99264
112395
112990
121759
206437
110183
117565
198841
194284
195261
197242
197509
113299
195936
196230
200947
127143
197861
200664
98280
101977
121502
102999
134817
117413
198541
130296
102550
194623
194967
206468
98832
112734
122435
200677
200941
204135
130618
194308
195190
197582
194632
196946
84255
103017
194636
195301
202899
204823
127459
139016
101257
194640
114316
125701
202900
198890
124545
194652
96382
101709
113049
178471
96326
98350
101275
101282
103594
108491
103595
168946
103596
103597
130048
96435
205169
180927
143560
101769
102178
179330
180941
102641
149976
101776
101778
103080
93224
99988
133266
99989
165952
96489
106863
115745
105420
106866
198582
184421
164827
174697
106867
134238
97859
100904
150912
172569
100003
120982
178234
168631
192697
203592
97895
100939
186678
116670
134222
160511
130395
139771
104195
185104
179390
113976
101031
178535
100944
101362
113705
172826
108476
163435
166284
102249
101368
160878
113691
104219
107226
101382
95424
104855
95429
143796
97331
146775
102289
150061
101421
102294
174461
94409
192937
101425
102771
100544
94426
130450
175657
103762
139480
154107
201419
179442
94383
178306
113732
158796
115541
129591
152512
149780
207250
106970
124965
168730
102803
187998
167252
105078
127594
176812
100578
101501
99671
198407
205995
134210
68735
198610
95722
166942
180470
154138
192969
100614
101945
113776
194504
100620
180479
101952
190462
139530
168415
122644
101954
178284
171782
100627
101956
110306
99704
101957
181659
101959
162652
101961
203710
149817
170812
107332
192672
96812
192701
145991
126755
196466
123812
120263
186797
136005
148318
186179
115593
167551
100650
152275
98644
105667
167559
104423
166109
101984
101554
140918
96883
98719
95918
101993
178082
102883
207313
151702
114401
100679
148935
103395
205371
96907
100690
101127
186531
166428
147187
168173
98670
113843
192700
149872
121465
174872
96083
100708
101170
130847
163302
205397
101190
191181
117717
155106
100288
100757
96182
115762
199429
104627
202194
96188
166458
96901
180579
102097
104030
135117
100767
191203
139719
104037
96219
100769
101220
96200
101221
103485
106480
96225
96216
173074
96230
152668
168528
172804
94987
179015
99886
106489
100788
104877
96255
100789
186590
158666
164769
101244
101679
174641
97100
105350
200054
163060
174646
148161
94000
151889
96325
94004
196270
173098
135164
102152
198886
144906
96357
103578
199475
96362
102591
103580
176116
86675
86679
95123
204854
196305
104713
103619
114531
130071
179065
187528
162541
176151
162542
95225
97238
100404
121188
109212
150910
126620
137003
86770
118358
99431
115467
170192
85994
103658
144657
148332
94240
189659
102695
103129
134270
94910
106247
95246
105471
142857
101834
135878
101312
58945
181573
97305
186685
97317
205044
114580
98993
104268
121333
200195
133918
135268
104907
108275
168060
96418
96672
124051
104943
112252
93548
169339
151560
162015
149761
109643
104302
146225
93585
186429
152221
93588
181909
133715
96693
201706
136269
93596
193188
141267
134894
93599
76654
93600
93603
96700
121278
37065
93584
95640
98082
159692
117604
166318
99060
107987
139508
133369
145378
107079
103283
103291
107301
95734
148306
149147
133381
85238
133385
152538
133388
151024
168763
95768
133393
148900
181377
106007
158835
87166
108142
98147
124152
129357
162071
129916
103345
205329
181394
148338
110367
177724
207301
104425
160628
95900
103365
122335
105213
188768
151559
97570
108691
141689
115916
190183
98687
99776
106037
175469
101596
152024
98231
141807
96043
133443
111739
176045
106768
160376
161523
92354
102045
104553
103439
164450
112982
103449
107078
112090
108116
156286
103443
205093
102092
140920
94944
97005
67377
99857
118016
113000
103500
83980
96224
98284
104607
189210
103002
103003
167646
140358
148418
156293
97049
103536
92534
104618
146388
97063
101657
101309
99904
93985
102825
100798
103021
108576
100342
39041
104643
109167
176104
97152
97155
143436
84713
33049
102379
114192
124833
181502
39569
193426
198214
198897
204479
127192
134855
137704
146408
154295
101273
181214
39570
192532
199791
200410
126903
135183
135496
162211
97798
99186
102165
99641
39571
162213
172229
135791
151462
154881
96401
137731
173725
193430
124566
126001
130941
132654
135794
142777
176131
204485
168585
39583
202259
124855
207124
170164
102613
129199
169854
98888
193735
128084
134867
156353
173404
176135
39586
40057
207717
163087
6367
97812
102632
122492
132365
135197
137741
147593
148852
100380
134869
135196
135802
141117
173125
98364
102177
103069
39593
40061
191907
195009
208006
151475
176707
95142
40062
138739
162227
163389
168281
169863
97818
101298
182139
199209
134876
163677
39814
135521
176141
179058
102637
181839
40068
194055
119205
119832
204864
207722
135522
75638
171950
173758
98900
199213
200721
139062
140753
75380
165103
168957
178493
104140
192874
129775
135812
147891
100891
40071
194679
134232
136153
141508
162230
168290
101304
104142
40072
195696
141128
103083
40073
199516
208274
135207
136494
140099
146993
161060
162826
40074
195020
207435
129496
137753
154617
162234
13880
104146
109573
186652
132676
133844
185277
118663
198925
134235
136498
6372
165114
173900
40077
109570
203881
141518
145582
99993
134239
100903
40086
40079
205187
128081
136500
138091
155199
12123
40080
204876
128082
135537
177304
40102
119516
135538
151495
166252
174079
96532
40104
40083
108539
119846
207735
147903
96226
123400
207740
75256
40147
199834
122850
128658
130677
136505
143170
154022
174700
98414
40199
105430
203875
206222
136506
142154
156101
162254
192570
126942
129235
207746
208033
134249
173778
102668
40203
119855
125751
126943
141525
168990
203893
127512
128663
207450
132393
135221
72504
156949
159323
40380
206226
206537
133286
134252
101339
198944
204528
208036
135226
136511
173449
40094
194397
120435
198947
125465
136514
98453
40095
201358
207750
107891
108894
198637
134256
140434
166269
167457
100937
102227
40385
40098
188587
154342
40386
108899
193772
121594
123410
205205
207457
131862
160192
160503
174106
100013
40387
199845
126049
145881
154347
40101
108900
128378
143192
159620
97903
100017
101109
130100
132701
147919
164288
171685
135554
40110
202973
205212
146468
168320
169898
173167
109238
119871
135238
138443
12695
40420
40112
189669
195055
195378
119252
75637
174120
198293
122866
130990
136849
163714
165986
40114
40040
111900
192912
201045
151522
102601
134278
154359
96085
125775
207464
154363
130702
134280
134611
148788
75570
162810
166871
174722
115496
123425
134281
139792
140466
159633
40064
191953
204554
208058
135246
146478
169611
193484
204238
204913
206250
134283
138452
153418
159937
12120
169612
173180
100954
120459
202674
207186
140154
140481
168334
40097
196050
121317
199261
199867
198802
125782
127257
134284
145900
75480
100485
194418
123430
130997
137148
140483
144677
68633
162282
192602
193810
131587
135572
159940
6319
168338
172909
95409
37129
40107
147643
151533
163438
172903
100499
40127
207775
136227
149442
151876
97954
40131
193812
131003
134287
150949
162866
99577
37047
104852
40129
119887
138461
13595
101844
40143
126981
129266
168676
40132
129263
170237
103158
75625
97959
101864
40134
134292
39813
40135
121628
131599
134296
149122
151541
162000
95460
198987
126073
206271
173476
208074
131891
140477
141236
145632
150053
101870
39820
40138
198322
120748
200794
132162
135266
135899
75375
10658
179130
40139
48221
121624
129840
131602
136565
167486
100978
102286
193235
203633
208075
134948
139823
162006
40141
112241
113427
172922
39824
205922
168688
46093
192933
121621
199887
204262
131608
75298
97346
184033
126085
205244
135590
145925
159377
161124
162307
174158
99004
181593
193829
119591
202014
146215
75547
12701
173204
40151
64516
149133
151556
98530
104281
40152
40205
135275
99010
100069
101374
40153
118996
120485
121622
125230
208081
130444
153445
40154
203016
126388
40155
140853
141257
14155
98533
104989
200519
134961
136579
142231
158780
99018
102305
40157
122604
200518
146512
159969
97325
39838
40158
105940
117290
207802
131027
140196
146788
75441
173839
121620
206613
135282
136263
154407
161941
103758
39841
124658
128150
208091
158487
173213
39842
105515
40166
207810
75406
168372
135604
149769
173217
175371
39844
206938
131919
132184
135288
166918
170266
101005
121619
200528
207813
148282
173221
173523
99031
102316
119016
150077
156172
102317
39847
204605
141271
167791
176790
40174
133954
173225
14187
159985
99635
101907
199604
199915
124087
205611
141274
147664
40178
151583
14218
162911
176518
121072
123273
138830
146238
148848
154693
14223
161720
187986
108821
119325
200534
126407
133962
141277
166048
38303
104325
40184
127873
135614
142251
149781
150998
159983
99640
125190
126106
174777
95650
131049
139864
147089
151931
164085
97441
103230
104328
40187
136907
162918
103789
104329
192653
159979
160280
104330
124679
130478
98099
182851
40190
199025
205625
100572
104332
109346
100574
104334
188330
191719
120211
126417
133979
176811
104335
202058
126414
207838
59174
148867
162354
98593
206311
136928
149187
101003
119938
125265
164638
97458
103280
120522
203996
143567
138084
122638
207526
135315
136299
136931
145380
152255
154437
174497
101942
126426
139874
185546
192372
141301
162890
14207
40206
206649
146259
170300
174209
38510
203694
206318
59126
136932
162053
38511
192374
140244
141304
164373
131073
132216
140941
75207
155914
130775
59132
140558
154132
155020
100128
38514
101949
185555
192975
121095
199941
201147
59122
66104
150114
159423
98125
100130
135327
100621
173822
112397
140561
152554
193882
195461
204314
131952
136940
157632
162941
174795
193883
119353
124702
134694
135642
102838
104378
121683
139891
75517
169397
102837
104379
182879
126132
127051
127912
206333
132223
142284
173568
104380
125587
145988
147445
149809
160298
162063
11905
119656
121108
124997
203711
206334
132226
59263
140567
173560
178049
122949
130512
141988
152896
102378
127054
128198
136948
72247
192041
119361
136949
143365
94645
117636
124711
202767
75379
158304
159438
172985
98141
102387
204019
206667
129341
59276
93732
100637
127919
134391
135651
178054
195160
199655
125003
139550
142296
156224
165802
93745
102849
123252
124390
63218
154168
13878
170320
99155
189121
131676
135657
150132
15925
165518
165808
99718
100643
104401
185572
193587
199064
199659
207005
149531
172405
111677
121121
201166
124135
206346
141661
151039
119666
119960
154165
173274
207008
131099
146294
163823
102427
119297
124138
129636
208142
137548
13872
98154
135661
173914
122670
126156
206354
129067
59303
135662
193594
207296
159457
97451
180812
208150
172718
203928
131975
134737
158557
125311
145425
157111
169129
99179
101985
202464
128783
59244
166686
173919
182614
144498
156237
168791
101566
109047
176856
188059
59264
96878
112339
120566
125025
165825
121714
203740
126781
134424
63220
138568
139927
142316
169744
173005
173287
98184
126782
142315
150151
155060
169428
101110
102876
194223
203115
128228
144800
145434
145737
101112
195880
207594
134429
15932
87240
192421
125625
152310
160638
169432
101113
125032
134050
140287
155970
14226
101115
141346
139591
164150
173295
96893
101117
123837
203458
139938
75262
101582
184394
200606
201802
139593
142325
144213
194556
119993
201199
132552
63173
160350
196577
124740
126796
128238
151066
14220
39019
39579
123284
136034
138583
155076
121727
200902
125330
125634
127660
206391
207608
207894
132266
134441
146325
101123
102012
182639
199703
129663
75246
98190
100686
128242
150148
168163
170356
173023
203467
206396
131139
134063
8943
162111
166708
178389
98208
121732
122701
127963
131715
132271
139604
147783
120584
136043
145755
162115
88890
131427
134068
154211
155068
96905
102020
120005
129107
161223
176880
32761
98701
119105
204068
206401
207902
134071
145756
170363
146332
170365
99231
103941
127972
128251
150172
75497
159481
121738
124762
127973
207619
140990
152330
96929
128260
141758
72264
97580
123301
201219
207341
131154
136378
88899
103422
187136
189181
190861
207625
165854
204394
132575
139968
193936
203769
128553
162126
165858
190865
201535
204759
206417
168843
194262
121178
124761
207346
155096
169464
120605
124490
127679
206420
206726
131443
136058
141719
115944
194926
204763
134464
142049
147507
169181
83688
184716
117708
207053
134090
101189
103981
128263
132020
146349
160085
174588
103930
192762
146052
160379
169781
121751
124197
207350
134459
181731
103437
198141
121754
201230
130277
132887
139625
162138
171865
96143
201543
125076
126833
134474
141728
162136
193949
134095
14184
84237
92434
120610
122381
203158
134097
156009
160385
192765
122380
134098
158032
123316
165871
172474
33091
198148
126839
128274
141734
148111
150200
99822
124207
134101
141737
155108
12160
169189
193663
128276
132036
136074
146633
163033
12186
200938
126221
130871
145480
148686
151402
166744
168861
92308
201857
176909
33092
98266
100290
119750
121764
122401
130291
143389
153617
159804
134803
172204
100292
101646
188120
122744
124508
135739
143391
154246
178426
102526
198843
124511
132310
135740
75692
158042
162159
33134
108791
198157
200659
134487
135741
160105
100765
194953
201562
203801
128286
149305
99844
125087
204428
158328
100302
193074
122405
140686
160988
111788
202874
207664
131467
93898
178432
98279
190249
134492
140919
10091
171888
180581
105766
124221
204801
206454
132317
142730
168878
192168
199154
122750
207076
75474
183610
195946
198852
200669
165044
96212
186576
124521
203185
204116
174611
104608
122424
204696
131476
138020
141759
166195
168882
118597
204657
140356
147243
156308
166764
100296
103533
59164
125688
65148
161008
166763
188872
190584
124236
132324
6328
112731
203523
207381
162178
173073
100316
193694
199763
207961
208234
98826
101240
101673
182735
128595
136102
143411
150231
171030
205788
132329
147250
154274
156529
103007
203823
204454
129443
132063
191570
132623
136107
158068
105730
135153
99898
123346
124529
207970
141772
144283
84234
175252
102127
193094
117757
195293
123928
135766
146394
173702
98316
98186
191577
192509
119794
121229
202895
139302
145529
174645
99327
117181
132336
160421
165907
99328
101253
120065
203534
128604
141465
170730
124535
127735
206479
138035
135773
38449
186923
124542
126267
130325
202907
134841
138704
162192
163918
40027
188155
126885
206484
132943
134521
168254
100346
202463
128044
147566
102150
104646
124832
137679
150253
72209
153020
154869
159563
101699
38935
194643
198201
201279
137680
141472
97151
38456
164007
135489
165081
101702
132082
137694
99933
199782
203843
134168
136129
141474
146410
159850
102158
129466
141476
151455
153675
40042
200105
168937
99936
198894
206493
154278
176691
98345
129756
140391
140727
141093
153678
158092
166143
86644
33652
97794
98864
100363
108178
108845
111501
133525
136470
137383
141101
146115
148734
157500
160154
98867
100854
105384
197290
130053
132085
137384
139033
140392
154298
160438
166145
167410
183944
106831
196603
122474
129472
137385
138389
141487
145224
148733
153036
153352
162802
166149
99947
103051
181824
110158
194042
198218
199187
201609
127714
131228
131806
133530
140394
148183
148738
150559
153359
156025
159576
167120
167412
109847
128903
130939
138063
140395
145214
153351
154302
156344
157794
8119
84864
36263
38234
102169
38658
105389
186324
110500
194354
197609
125722
129660
131812
134542
138064
140396
153358
166152
98356
191892
122811
128904
131232
132961
133535
134541
137389
140397
148739
153354
154306
155487
8126
165375
8120
167414
109519
191594
128908
138070
140398
150878
153356
164519
166156
167084
172234
96425
38576
188546
188926
190645
116619
117491
122436
129765
131233
131815
137737
138395
154308
12788
166158
167085
96436
178483
100874
38577
108854
109851
188548
191264
124571
126293
131816
140401
148742
149965
153353
160465
180644
184511
191603
114521
119829
127204
127483
128631
129202
130349
131817
140403
153360
157510
163956
167087
38240
110856
189592
130062
131818
133537
134547
134868
135514
138071
138397
148744
154310
161051
167089
99400
38241
182739
106532
200715
128063
128913
131820
132970
138072
167090
96421
180933
38242
184515
110510
120089
121257
122493
127753
128634
133542
134877
138073
140404
148751
149971
167091
35538
38582
191275
129773
130067
131240
138074
140405
154312
163092
12787
176423
97220
105400
187864
111856
201005
201621
127489
129211
129482
130063
131239
132667
136151
138076
140406
96470
98366
98896
185412
126306
131241
136155
140407
144938
168285
178214
102186
182144
182441
187867
126915
127210
126379
131242
138077
140408
147596
148473
148754
156086
163380
168955
96463
182143
119836
197626
202273
124570
130069
131243
133545
138079
140409
154316
164773
166529
170177
100889
102644
184521
184794
186611
197625
127211
128349
128919
130350
131244
137100
140079
154319
157226
12800
166831
178783
101305
107170
130663
137751
138081
140410
163388
178786
35545
38678
191616
122504
128645
208294
131245
133264
133547
140411
146136
148757
167156
170181
172262
108518
111537
115162
195695
197316
128078
128918
130073
131246
132673
138083
140412
146137
146268
154323
166833
177587
35547
38255
184803
118942
132678
140416
151213
163394
164542
161619
101782
109202
195013
124579
128923
130075
131248
136495
138085
146139
148759
150901
160776
166823
178498
100401
38682
113081
117803
122510
123394
131249
135823
138087
140417
146141
151214
154328
158123
167109
100901
183967
188573
112476
115160
195701
195352
128927
129783
131250
137109
138089
144055
146142
147607
148760
151216
165674
166819
167997
164105
35894
38597
38684
106550
103103
111172
199224
133271
134890
135832
138092
140112
140418
146143
151218
162241
166818
167108
96483
35895
100405
101314
107869
110529
188572
112174
113942
117806
197932
121573
201020
125744
126027
128930
131252
146144
151497
154330
156375
35553
183673
184811
185763
193458
197203
135215
140117
140420
168005
35900
100410
110880
190981
191924
116912
131255
138094
140421
146147
154333
155774
157532
166816
171962
35555
187882
190673
116348
132683
140422
140784
146149
151220
153070
156100
166815
173145
95245
35557
38264
108884
192568
48108
200128
126322
128934
131256
132685
140424
154334
167123
38603
101792
102213
104163
183677
185435
110884
188581
114546
116647
122521
124300
128088
129129
137420
140425
142155
146150
151221
154336
156674
163994
33371
35559
38266
181250
38692
107523
187886
111554
123992
126034
129236
137423
140426
151222
97251
38267
38693
106559
106879
108886
110885
190680
191928
115757
86959
122526
127509
130952
131260
140427
146152
154338
161636
162550
9436
178514
102216
204886
131261
132688
134899
135850
151223
9611
167124
96553
35562
102219
107524
186360
187545
188239
193466
199838
124309
135515
137425
140429
137044
146154
146727
151225
97255
38697
186661
126039
126329
204887
132690
140430
151226
159609
161073
165410
167125
107528
109902
118397
129795
131264
132693
133285
140431
144654
146156
151227
151508
157222
33717
97877
100009
38702
183687
107889
113383
116071
204889
135547
136830
137428
140432
146159
155524
167126
96560
97880
38611
38273
181547
185780
111187
182516
118680
199841
125179
126950
208018
130684
134907
135858
139090
140433
146460
159254
167128
172578
97265
100431
101343
38274
110549
187551
191306
190192
117246
202964
129799
131266
138107
139093
146160
149714
151228
153506
156958
157253
97266
97892
38613
113067
115473
116075
195046
124895
127520
128097
131267
136834
137782
140435
145885
146161
147556
151229
151510
156397
159335
167129
97893
98944
100433
38614
122533
129802
136838
140436
146162
151230
158142
163704
167130
169006
180382
180684
38615
183092
185116
108897
109226
187966
116946
117243
117533
131270
131567
132699
139095
140135
140437
140802
146163
151231
161088
163419
96570
99517
126957
127521
140439
141166
151232
151514
167459
98948
180391
38281
102232
184000
108901
109231
109910
201038
126635
131271
151233
86021
92049
177616
100438
100942
101346
38282
38713
184267
196355
198288
123705
123032
132703
140440
144369
146738
151235
157260
159917
160507
172887
102223
107205
187271
188255
132706
134597
140441
149087
151236
153741
157239
166570
38285
184566
185458
186985
112815
193781
122540
128676
137440
138115
140442
144664
151238
169900
38623
181276
130697
131276
137441
138118
144375
159345
165985
101825
182187
106578
106894
199855
125487
128384
130404
131274
137442
151241
154344
172301
95341
35578
35951
118684
198959
121308
202978
138119
143494
156407
157265
167177
173409
95331
35952
104186
104798
186689
187530
196043
131279
136853
143496
151243
165414
102243
118411
120454
199861
125488
128679
130703
131280
133302
137445
138122
151244
102244
197669
121310
128118
128957
131281
137446
140150
140816
144667
151245
177028
35955
102731
188988
117255
123160
128681
130413
130700
133305
135566
137447
151246
168658
95373
38634
107907
109922
196370
127256
130699
137448
137804
140153
143207
148524
151247
152479
153019
158445
159352
177031
177967
98496
101835
106906
110563
197672
127243
131282
136863
137449
138137
140819
151248
104811
94787
110917
114871
115208
115498
117259
130707
131283
137450
151250
156978
162572
166873
100955
38726
183715
184578
109927
188608
188993
116963
122553
204237
205564
128961
137451
140155
144675
144984
151251
157564
162281
165436
174435
190035
194111
197370
127158
205566
129534
130709
137452
138140
151252
160522
165437
172612
173478
100497
114876
126655
131288
137453
144676
151253
156981
163726
165710
177340
38656
38304
38729
107913
108258
188999
124622
130713
137454
140160
151254
110746
174731
99574
38659
38305
187243
198311
130708
131289
137455
140162
151255
156983
168339
175908
35973
100052
38306
38731
181577
109932
110923
119861
198312
130711
133314
135254
137456
138142
140489
144681
151256
161387
178277
35974
182501
190716
195750
124918
128121
128692
131290
131885
137457
138145
150041
151257
156703
159646
38677
107916
109929
84894
196385
198315
127265
206583
130425
130714
131291
136545
137458
140166
144682
144992
151258
156987
159591
165444
167753
99579
38691
111218
192310
126363
130426
131294
132430
137459
144098
144683
144994
151259
166300
33407
178549
38735
109277
190719
130716
137460
139122
151260
156989
158149
96651
35323
100966
108942
109280
118703
125797
205576
57258
130719
131295
137461
138146
139123
140172
144687
144995
145316
151261
156992
164310
164874
165443
35324
84015
38737
116976
195402
196065
126367
130722
132160
133320
137462
138147
139124
144690
144996
10985
35325
35988
38703
38740
106270
184288
111591
118429
125794
126369
124073
131297
136240
137171
137463
138150
139125
140837
151262
152805
154151
35989
102280
181587
107924
112847
114889
118685
131298
132435
137464
144691
151263
154384
156995
163154
165446
173495
35990
103165
113703
128699
131299
134299
137465
139128
144999
151264
157880
168351
175640
180415
38738
182208
107925
109942
187309
112539
117264
196396
125526
127280
132437
137466
139127
140176
145000
151265
157881
35329
187936
188287
114892
116980
127836
130130
132440
132735
137467
139129
142217
144694
145002
151266
153276
156999
95482
35330
38742
182214
104902
185153
190380
120752
199885
130727
137175
137468
139130
145003
151267
168057
35331
98520
38747
112243
189376
190730
122911
130730
132441
134638
137469
138157
139132
140181
142219
144408
144698
146776
150660
151268
154082
167209
174746
94404
99603
179423
100985
106601
108589
188289
194446
132443
133924
135905
137177
137470
139133
148265
151269
157287
95494
35996
38796
104915
110250
115809
131897
134315
137471
139134
140184
144699
145005
151271
156440
158769
165459
95499
98526
100065
101878
38751
109947
191351
126678
127850
129846
130735
131306
137472
139135
145008
151272
157002
35998
38752
182217
106281
109291
192330
194451
124363
126996
127851
131307
134643
137181
137473
137840
139136
140186
138514
157003
165454
100067
38800
109294
189382
128144
131309
135594
136575
137182
137474
139137
140189
144701
151273
11034
172683
91502
32521
95511
179140
36000
38803
110598
188304
115225
119596
120762
124647
135593
135913
137185
139138
144115
151274
153126
154975
162897
165461
97352
101438
38340
104973
107939
117284
199001
124367
127856
129293
208082
130445
130737
131310
137476
139139
151275
157006
6907
173206
175363
91419
99016
38757
189388
190390
118156
198004
121037
122599
201698
205250
129852
130738
137477
144703
146785
151276
154392
157008
158191
160255
100076
38806
102774
108283
114904
199591
124067
130150
131311
137187
137478
139140
140514
144426
151277
100545
38807
194457
123195
130151
130740
131314
132747
137479
139141
139474
140863
144704
151278
165462
167767
175656
98536
36005
38808
119307
130741
137480
137846
138171
139142
151279
152824
163461
167224
167131
95548
38810
101889
103755
109644
123462
131316
137193
137481
139144
144706
148831
151280
157010
160258
165464
188308
191699
192344
193246
195102
198689
126393
128720
130743
131317
133625
137482
139145
143244
145351
151281
156745
157012
163756
98545
36008
38812
102778
188652
190400
119010
122909
202713
131318
134330
137483
139146
146793
151282
160262
165466
36009
100550
38813
109647
46143
199299
203028
128717
130745
129693
137484
137851
144710
151283
166617
95555
182231
108609
112267
117592
122915
131320
133629
134657
137485
139147
150080
150985
151284
157016
102315
183148
187614
114608
198704
207229
130746
131321
136590
137195
137486
137854
139148
151285
165465
167133
169054
98555
38816
103207
186123
187979
190077
121645
128723
133349
133630
137487
139149
144714
151286
157019
163175
175372
36013
188313
190402
121053
199304
128999
131323
133631
137488
137855
138834
139151
140888
141602
151287
160269
165468
95577
96697
101904
192006
114917
116720
117885
196422
130748
131325
137197
137489
137857
139150
151288
165470
167134
38359
102319
38770
102790
187332
118739
119610
124379
205266
127872
130751
137196
137490
139152
140207
144717
145952
151289
156467
157605
165472
167137
187049
189400
114313
117305
131328
134338
134662
137199
137491
137858
139153
144721
151290
165474
167138
38823
83848
182846
109970
120502
127586
128730
130752
131326
136273
136916
137492
137859
139154
142248
151291
157023
158209
163180
8116
177687
96701
99041
38362
183462
109971
190411
117312
129867
131331
134341
137200
137493
139155
141275
144723
151292
159685
160275
8128
167236
100099
38826
106306
184328
187628
189403
200226
133642
136597
137202
137494
137861
138788
139156
151293
156473
160277
164907
165476
99050
36020
119618
127591
130171
130753
131332
137203
137495
137863
139157
144727
151294
157025
162624
165477
167140
36022
180454
38828
108980
194799
118467
196428
130754
135795
139159
139499
151295
157028
165480
167141
178316
101018
103229
182556
186145
109973
192011
194485
121074
129593
130755
137206
139158
151296
153814
165483
167139
99656
102800
183467
183515
108976
187632
201117
130757
131336
131638
138510
139161
151297
154704
164912
98586
38832
102335
38779
109341
48151
199925
122923
123214
131335
132202
134982
137207
144732
151298
157030
165485
38833
38780
192013
114934
116737
117021
195442
130759
131338
132203
136284
137209
138194
139162
151299
153818
155585
157031
162630
167515
10993
99631
100109
101023
192960
116440
117607
127879
129599
137208
138195
139163
146533
151300
157033
160283
165488
168092
36028
38835
94447
111640
117610
48133
198727
125563
128740
129600
134987
137210
139164
146815
151301
152867
167806
169073
38836
102339
183475
184640
109984
195123
195832
199928
124395
129601
130766
131339
137212
138196
139165
142940
144735
145675
151302
153167
156480
160286
162924
165490
167247
171754
88568
35373
38392
195124
128744
129602
130764
139166
141293
151303
154436
157034
157328
160872
36031
38785
195834
121664
122287
124398
125841
126717
129014
129325
129604
131342
133653
137213
139167
143559
151304
156768
157040
167248
35375
38786
185204
110646
119632
123486
129605
131065
133085
137214
139168
140229
151305
157930
165491
38396
113763
126118
129607
130182
131344
137215
139169
144154
144737
151306
157037
162631
166643
35377
84105
108995
186154
110982
189076
86441
129608
130769
138522
139170
144738
146821
151307
165493
170513
98117
38855
38398
185547
196441
198042
125571
127327
127848
56501
130770
134360
137217
139171
144741
145383
151308
162642
167820
99678
185210
114337
122944
129609
134682
137219
139172
151309
156486
165494
167257
85187
175976
176538
98599
36037
179799
38860
101944
102347
189080
112897
191092
114958
127899
129610
139173
144744
151310
157043
145038
162646
167528
98121
35381
38861
102349
197440
202075
126428
204640
129613
137221
138206
139174
141303
144745
151311
164100
168408
174214
35382
36039
180141
38863
38793
102816
182263
183490
110654
188011
120227
202076
128471
130192
130773
133989
139176
151312
152551
159989
167260
102819
190438
114962
115566
126421
130771
135972
148593
151313
156490
157047
165499
180142
38873
184911
109998
110292
188696
112600
115276
128186
130494
132217
135976
137224
138210
139177
139525
141307
144749
151314
157049
158523
162651
165216
168410
169390
174796
175405
100619
38799
199632
125273
205298
128757
130195
133671
151315
153194
158524
165498
166647
36043
38801
110658
117626
119946
130196
139178
151316
157051
165501
166073
95737
97498
36044
101951
183183
108332
111000
114347
116170
117627
196439
123501
124378
127911
138533
145695
151317
156496
167269
96765
36045
114971
119940
198743
130198
133996
137230
139179
151318
152892
157052
163799
98622
100625
102836
183184
110661
195669
198055
125855
127328
137231
139182
145699
148608
151025
151319
155025
156501
157634
165509
98130
101526
38411
192980
48062
198425
130503
131084
139183
140951
143588
151320
154448
167258
91636
177413
36048
196449
124874
204996
139184
151321
162659
167275
35396
100159
183186
110310
199644
122959
125285
126440
127913
129624
130205
133103
138216
139185
146835
148610
151322
157950
7044
167259
101057
102374
38842
109694
200262
137241
139186
151323
11048
166670
169401
173899
38889
107006
108024
187992
193571
47987
206336
129348
139187
140955
145075
150417
155925
166089
167262
94015
38893
187064
188028
114362
117637
129627
130209
133681
139188
148614
160016
162663
162944
7049
168121
38899
111298
112316
194190
124412
128767
138872
139189
140264
146840
153853
154739
7046
167542
35401
38904
188364
126136
127916
130511
138545
139191
155332
155623
157055
157367
165515
167267
167539
168426
101065
113789
116768
121399
205314
130213
135652
137243
139193
140265
153209
156507
159144
168774
98142
38907
188367
111670
200572
133398
135998
139194
140266
145710
162667
163240
167270
172087
35404
98633
36057
101540
38854
109024
112021
113206
114988
48131
202770
130215
135653
139902
155628
160313
165516
99154
38425
110024
111016
114989
129630
130792
139196
140269
148618
156510
157064
166094
167282
167537
100641
38072
182602
183812
110679
188038
191129
114072
116770
119066
119959
198070
130280
130795
140270
144765
146847
161186
167272
167536
36061
110000
187093
190816
117060
48031
119961
201768
129634
139197
140272
148622
165521
166961
167273
170001
35409
38620
38428
105169
114372
114992
119665
127628
127928
129355
130211
130797
134399
138881
139198
155340
157648
166097
175429
35410
38075
102403
38864
48130
199354
130224
133403
138882
139199
148034
148620
156226
156513
158844
165523
167285
175135
36066
38076
181389
181674
182594
185581
116189
129635
130226
130800
139200
140274
164395
98153
38077
185242
139201
155633
38078
107019
185905
112756
195867
200276
204342
127068
130212
133697
135027
139202
140275
141344
148037
155051
156805
159454
160031
165525
166103
166969
35414
38080
107347
116939
126459
130229
136010
137266
139203
139558
140276
162364
166106
167290
169123
178065
36070
182607
186182
110686
125877
133698
136009
139204
140277
141345
165527
98647
99176
36071
101558
184107
197777
121131
83439
130214
139205
140278
146575
161482
162367
164401
100654
101981
102860
109401
110033
125312
128218
128507
129640
135363
136011
140280
154177
157085
160036
98162
38845
38879
103355
106377
202113
126772
129642
130235
133702
139207
162370
165530
167294
167851
35420
100508
109042
194213
48134
199983
125017
129923
130806
139208
156521
165532
10996
181372
108047
186807
188388
127366
129080
130216
139209
140282
145095
148638
162373
167297
97557
99185
36076
102440
38882
104424
184105
108685
188391
192412
193003
119078
122680
122982
203104
129646
134740
135041
139210
140283
156527
158275
162377
162687
166989
36077
100218
38441
38884
102869
105211
109051
188392
117656
127939
207305
129367
130813
136975
139211
140284
68527
159462
162366
98180
98659
108371
108687
113241
190828
114391
198775
108357
127370
128512
128795
136341
136976
137946
138895
139212
68490
158270
159463
12523
36079
38443
38890
186821
187398
187722
188394
113521
120568
136978
139213
140286
142009
150751
36080
38891
106384
112646
201188
129650
130239
139214
140289
154480
156533
162382
167300
168471
170342
177140
36081
102461
38892
106721
107030
185257
186204
124736
128515
128794
130218
130816
132543
134427
136980
139215
140292
140609
146019
160052
168470
172425
35429
38093
103375
116501
197796
123275
129087
129648
152309
153244
157995
164145
166408
172131
99206
36083
179842
38126
103940
196831
198095
127376
129653
130219
138575
139216
140290
140611
155640
134962
162387
165540
167304
168469
102460
186510
48147
122339
122992
126171
128799
129938
130818
132845
137953
139217
141365
159177
168811
169140
178088
181113
184689
108380
194893
124742
127377
127652
129370
130240
134432
135678
139218
144208
148645
157998
168468
35433
36086
99634
100675
101580
106731
187728
188405
196169
130222
139220
140293
68493
156538
157999
158876
162423
168155
83340
99211
183231
106732
189480
204724
129658
131707
132847
136359
137957
139219
140295
140925
162103
162389
165545
167309
168467
38099
106735
191486
194558
197187
128520
129944
130243
135682
139221
168465
83353
98684
38902
112355
121673
130822
132849
139222
140297
154487
158003
168464
35944
38137
38903
182315
115021
193335
132850
137961
138585
139223
157406
162393
167310
168463
100239
38138
38102
38906
48136
139224
140300
148656
168462
101586
38909
111714
190503
117388
196176
135387
139225
139599
156547
162395
163275
166707
98203
100240
100683
108388
187123
188411
111715
48072
196177
202486
129953
130828
140301
141851
158885
168461
182638
128809
134442
137964
139227
158005
167313
168460
99784
38473
183248
113271
117393
195525
119712
200612
201520
130829
135391
139228
140303
142327
151079
154800
159765
167314
168457
36096
38474
38913
186842
199707
127663
131420
132858
133440
135390
139230
153977
157412
168455
170046
170971
35444
36097
102478
107383
189495
134448
137967
139229
140304
140635
155677
155985
158008
162402
167317
167880
168453
169761
174855
35445
36098
101598
38110
38476
38915
106745
109082
180546
122334
134763
136366
134789
137969
139231
140305
140637
153568
156263
156552
167321
168452
32750
35446
38477
102481
38916
182332
106425
188084
162759
127665
128815
129669
132563
139233
140306
155988
168450
99791
38112
109083
109443
196850
121166
131428
136370
137970
139234
140307
140639
148659
164998
167885
168448
35448
38113
102493
38918
105245
184139
188418
112667
189861
193346
117972
129106
139235
140308
162406
167324
168447
178959
38116
112370
114414
193639
194575
196513
201820
202495
127396
57227
133736
136692
139236
143930
152609
168446
167142
98223
36104
184708
191173
117392
125345
126815
129964
130561
137973
139237
139960
140310
140641
68553
153577
154219
158895
167327
168445
169168
179568
38157
38120
109446
189504
119700
133449
139238
140312
140642
158302
168444
38158
38922
106061
188090
113835
200635
128822
131435
136050
137975
139239
140647
148334
153554
157117
161518
167330
168442
102497
38923
183261
106753
115640
117401
123013
133450
139240
141710
157697
158015
167888
168440
167143
86439
176114
38160
101606
38486
182939
187426
187745
196857
200021
202499
131148
131437
133455
135405
137976
139241
140649
148670
155092
167145
86444
38161
183259
116828
199116
127675
136703
137979
139242
140316
149584
160951
164433
167334
167892
170582
38192
38134
38488
102501
115349
129971
139244
154808
163019
93389
38489
182944
183263
193356
194925
123303
126823
128259
128829
129395
130572
132874
134777
137981
140317
140658
156459
156839
158587
164172
164719
100707
38205
102503
182340
188098
191514
198817
126824
130272
131157
132876
137983
139246
139974
140318
140661
143647
146899
154227
158583
98245
38220
38139
106442
184717
186861
111746
121175
125918
139245
150486
155409
167337
167895
104311
38226
109457
188101
190215
119119
201537
126519
129976
139247
139976
140320
140663
12585
179879
38227
107065
185639
117398
194927
48045
127678
131156
133459
137986
139248
148673
149882
162133
33054
96106
38228
101625
196873
200034
125074
129681
129690
131162
132883
133457
137987
139249
140324
140665
142353
167340
83701
38231
106078
188825
193363
125073
130577
135095
137990
139250
141408
164181
174589
174877
180240
38249
102047
102505
182347
184995
109461
113284
191186
197221
199128
124494
129978
132585
133465
134093
139251
148675
154234
155406
155697
167900
83691
176341
38250
109459
111071
187740
119094
199129
200006
126835
134473
136714
137017
139252
140666
156007
158317
163874
173667
91781
35467
102055
182055
186553
200931
124780
129126
131164
132889
133468
135418
137991
139253
140328
146629
167343
167623
167902
38277
188445
191530
48046
198143
198510
201234
131165
135227
137992
139254
139986
140668
144850
158321
36127
182971
107409
107755
109108
187759
195593
129692
137993
139255
140669
144852
145015
154241
167348
83669
177191
98252
38283
184727
198147
129983
133469
137995
139256
140671
145014
148682
159223
98253
35471
102511
106102
110098
187762
188452
192472
115366
196212
122379
125364
126530
134797
139257
145009
163880
165026
93876
96156
98255
35472
100748
101201
38287
102079
109469
187761
48038
119432
200042
129130
133471
139259
145011
36157
104010
115088
115666
194938
126838
129986
131169
132896
137998
139260
140336
140674
142367
145010
145781
166173
167351
8117
167907
107413
109786
48033
124322
139262
143385
145012
146917
167353
99823
38173
106775
186266
129989
130589
131748
136723
139264
140677
145136
154247
157145
167354
100758
107415
117426
195612
205757
128577
133479
134802
137023
139266
140341
140679
145140
155424
159229
163324
83901
178706
36137
108781
109118
187535
188456
196224
120344
133477
139265
140680
145142
148690
167357
87369
173055
184446
108783
128852
130292
132904
135109
136727
137336
139267
140345
142066
146642
106779
107099
109794
193377
200177
201859
127693
129145
129994
131180
133481
137287
139268
155713
167360
36147
101215
106115
107766
189542
190890
112499
114447
114758
124798
131181
154251
36148
109125
186271
194948
127138
127707
128857
139269
140684
152646
156023
164465
167362
36182
35482
38180
185334
188465
189904
117157
195617
198527
205103
128012
129709
131182
133483
139270
152374
158333
83941
97011
101651
103470
107425
200053
139272
148699
152979
154254
158638
83959
97013
35484
38182
102181
103473
107772
111101
194610
199749
127439
129999
133484
139273
141749
67381
155427
97687
99849
102101
103479
184456
107427
110112
110453
117741
131185
136422
137038
139274
149321
154258
156876
167366
177522
36161
101654
107107
192814
198533
129426
129710
131184
137343
145143
146647
160398
160992
83976
177216
36191
113581
194299
124805
127146
129428
132914
139276
145155
145503
154261
167370
38186
183775
134497
138341
139275
141030
145156
146929
68554
150219
151419
164206
178436
35489
101224
38187
182372
107776
185344
186579
113881
197865
123056
127147
128863
131190
133491
139277
145157
157736
162765
36173
112106
113880
114768
118877
200927
128865
133494
137043
138343
139278
145158
148989
164757
98285
99297
38357
188131
111459
193394
110447
195628
128842
129717
131192
133488
138344
139279
140357
145159
147241
148705
152991
154840
157164
158341
158647
165597
168220
87104
100309
106793
108136
108446
118316
201872
128022
130896
131195
133496
137348
139280
145160
154264
162767
7042
167374
173686
33287
97045
99298
36176
38545
102542
102997
104611
203816
126861
130604
131191
132056
138348
139281
142080
144877
145161
84037
33291
97046
36177
109810
187463
111467
193993
118320
196247
119157
139282
140359
144878
152670
159823
35495
102118
182992
105778
109137
109811
111465
188482
193577
122429
124517
128871
131196
133497
137352
138349
139284
140361
144879
145162
148707
162771
174915
98290
36179
185361
186575
114166
115999
128027
129724
131482
133498
134138
139285
144880
145163
155731
158940
167376
168226
38197
102551
199453
128872
130905
137051
137354
138351
139286
140015
140364
144881
145164
84095
91822
178448
106797
111122
196931
132927
139287
140365
144882
145166
157481
162774
167378
98293
36183
102122
182381
87103
197260
199765
202554
131197
137355
140366
144885
145168
168229
177539
100790
188486
131200
133501
138353
140369
144886
145169
146944
151437
154272
158946
167380
173010
102123
182386
185367
156330
109515
110470
128598
133503
134836
137358
138354
140370
149649
154574
159547
161297
161575
165623
167080
85650
181482
194012
198186
121514
199769
122771
201269
128600
128880
135761
138693
140371
145170
153655
162185
167382
168909
84158
36214
98301
179300
185039
190605
117178
120067
127168
131202
134149
137359
139292
140372
144889
151439
156323
158069
183623
185998
187478
196584
127729
130622
131204
132934
133504
138358
139670
140373
159253
163061
181800
116299
119150
120375
124799
125694
193957
133506
140374
145171
153971
154280
156324
98323
100328
184200
187481
48099
123077
125400
131205
133510
134832
138363
151441
160131
38563
108824
187588
188500
124826
104892
128037
130626
132337
137065
140377
148721
151442
161306
165071
167387
36220
99912
105793
184487
192516
193411
196588
131208
133508
137367
145172
38210
186304
112131
113032
193103
137368
138370
140378
141467
148718
151443
153664
167390
102146
38594
183316
107825
116304
117186
196951
203536
137369
138372
138702
162788
164783
186918
118621
128890
131210
133514
135483
137370
140379
148726
154286
165075
167392
177249
99334
100345
102580
181492
182396
106153
110144
122455
128864
137372
138373
140037
140380
146669
163359
166161
168926
85797
172523
33641
98331
179036
102149
109833
191584
120650
121243
122464
131211
137070
137373
137678
138375
140381
141469
141785
157492
158082
162791
163361
177252
38629
182402
108171
185383
186613
192202
116598
84060
119806
140382
106509
190294
119475
128889
133517
137374
140383
143432
154291
167395
86620
36240
109530
115137
116311
117474
196594
198203
127745
130032
133519
134845
137376
140384
145221
158963
100818
197280
126891
129463
130043
137377
138379
141066
146109
167398
36242
102590
104101
109174
189946
191893
121534
123641
127156
129461
125879
133521
138383
140386
160150
161593
179642
38644
39434
183940
187838
112142
116604
197598
123046
125125
128050
137379
148731
162796
166141
167400
36251
97791
98341
101704
38222
182410
183561
108176
109839
188916
119177
198210
126282
127187
128878
130044
130336
135178
137380
138709
140388
144912
154294
157778
163069
167402
84715
172531
38564
183031
110493
187842
114507
116297
200699
125989
205158
127188
133523
136468
138384
140390
145228
157201
162797
166142
177559
179324
38565
182406
125129
125419
126284
128898
132953
137382
138387
138711